ExtinctionRateChangeTimes
77.5429 	

280.695 	
280.517 	














































































335.2005 	
333.1223 	104.5102 	
335.1201 	
330.7841 	
332.6202 	
332.811 	





























51.71832 	








334.3259 	
336.52 	

















52.30505 	
























284.3405 	
68.60084 	



339.7215 	340.1272 	7.440588 	





























340.2089 	












149.9907 	






331.7222 	
335.1552 	
336.719 	
334.9189 	
333.0483 	
335.7682 	








































210.4435 	



















71.92763 	























































334.5245 	








335.8072 	










232.1063 	339.5867 	


333.4715 	













328.8556 	
336.4867 	







329.8305 	



337.4343 	



























332.1588 	
319.1732 	













136.4397 	

























4.760084 	337.6674 	














58.48859 	





330.4884 	

















38.04299 	

71.26849 	
54.85141 	
16.82045 	





327.1292 	


















292.3257 	
























20.56272 	
26.0632 	
41.05216 	
3.537482 	
24.92945 	
15.24192 	
3.152223 	
24.02345 	
16.5262 	










































237.4343 	





















155.5803 	







































73.03908 	
243.8288 	
210.4538 	
254.1813 	

331.1897 	340.3145 	
330.5952 	
332.7628 	
330.6473 	
332.6063 	
333.0902 	
330.7168 	
331.9319 	
335.5001 	
335.5125 	
332.6408 	
330.5331 	
333.1204 	
333.8677 	
332.9324 	
334.6774 	
334.048 	
335.0065 	
333.9065 	
335.29 	
332.6657 	
336.8684 	
335.4704 	
335.7283 	
333.2893 	
333.372 	
332.186 	
335.8069 	
335.8999 	
335.211 	
333.8219 	
337.7398 	
334.9292 	
335.3158 	
335.1832 	
334.4074 	
334.4382 	
335.9255 	
336.413 	
336.1685 	
334.7411 	
335.1555 	
335.3681 	
333.9284 	
334.4838 	
335.1138 	
333.3831 	
333.8068 	
334.6446 	
335.6091 	
336.1755 	
335.4824 	
333.6398 	
334.0169 	
335.4216 	
330.2906 	
333.8764 	
335.6126 	
328.8236 	
333.0418 	
333.1598 	
325.4181 	
322.5329 	
333.4071 	
332.4948 	
324.9791 	
333.2254 	
332.7892 	




169.3731 	
118.7087 	









301.765 	
171.6841 	


302.2635 	
































255.3397 	






















337.4207 	








288.442 	
334.6243 	
338.573 	
336.9552 	
337.5274 	
335.6464 	
335.6958 	
336.3453 	
336.8732 	
336.5746 	
333.2777 	
335.5956 	
335.7859 	
337.7823 	
338.4354 	
336.7553 	







































































314.8966 	















































































































165.9051 	





















43.94422 	










































261.0931 	




334.8265 	

















278.5868 	
























329.9451 	96.70063 	










13.29951 	
182.4193 	









310.8586 	

















62.92534 	







6.728762 	
18.17594 	


338.9446 	


































































































































338.593 	
333.5501 	
335.7245 	
334.3711 	
331.5906 	
333.5447 	
332.4507 	
334.0265 	
334.6779 	
332.2437 	
332.3653 	
334.1033 	
332.1606 	
335.9212 	242.0575 	
336.6051 	
333.3303 	
335.2264 	
332.7407 	
332.2339 	
332.9578 	
328.4545 	
333.269 	
335.2088 	
330.8104 	
331.6463 	
333.4584 	
332.9764 	
332.7683 	
331.2118 	
335.8375 	
334.7364 	
332.7286 	
334.6016 	


























181.1959 	




220.7124 	













319.9165 	








336.0563 	












139.2278 	47.10041 	
3.556901 	
1.361187 	
1.74197 	
5.673964 	
10.27271 	3.326489 	
18.5637 	
14.07999 	
16.64183 	8.221262 	
17.40466 	12.48817 	
19.03043 	10.93051 	
63.87015 	6.9884 	
12.13252 	
11.84131 	
8.187162 	
11.02476 	
11.69245 	
23.44805 	
5.288052 	
12.31568 	
4.045765 	
11.03685 	
5.737864 	
10.728 	
4.984296 	
12.09851 	
10.65985 	
12.35309 	
8.442854 	2.438449 	
12.45922 	
7.672052 	
8.975646 	
33.24013 	4.567625 	
13.66343 	
10.81384 	
91.95883 	

































































296.5371 	
















324.8855 	
























































18.20838 	
























336.5035 	

















23.21019 	
35.38789 	
55.21787 	
0.5214945 	
























14.40403 	


































30.14036 	
43.41144 	
18.28017 	
29.58352 	





321.1718 	




339.5786 	













































337.6949 	339.7021 	
337.6949 	
336.7529 	
337.0282 	
337.0282 	
337.0085 	





















































339.8784 	























































































332.8787 	























75.57829 	


















144.4978 	
333.3178 	
334.9573 	
330.6125 	
336.2155 	
335.8958 	
333.5093 	









333.9132 	




























140.4452 	













68.01772 	
2.178547 	309.635 	
































131.6101 	
264.2635 	
243.3618 	
228.4576 	


265.1161 	1.38009 	
167.1329 	
66.27225 	













96.97201 	
















1.767981 	



































339.8022 	






















53.8132 	
80.83687 	


















273.7865 	
335.1576 	

333.7099 	
335.5918 	
329.6555 	




















































336.458 	
336.458 	
336.458 	306.9998 	
336.4616 	336.2961 	
336.4616 	
335.0154 	










335.4881 	

































































219.2455 	

327.9051 	



















277.9294 	






98.89029 	82.57898 	

















41.96969 	












































































337.1182 	
334.7752 	
336.507 	
335.5218 	
335.5218 	
332.4386 	
334.0623 	120.5875 	
335.1608 	126.6 	
335.5739 	46.4832 	
335.5739 	36.09617 	
331.5695 	30.27203 	
335.8966 	18.27827 	
335.779 	20.31724 	
333.9705 	6.303952 	
46.54744 	
2.325474 	
40.76639 	
23.81228 	
37.90433 	
78.00801 	

335.4636 	
335.0874 	
324.4659 	162.9573 	
208.3637 	

136.2778 	
147.9065 	
157.5459 	
150.3052 	





96.53445 	
10.56492 	
13.87597 	
6.554468 	
65.59287 	
14.2709 	
9.501257 	
9.264158 	
2.319135 	
10.10374 	










61.79546 	











337.0842 	
336.8649 	
337.09 	
335.9557 	
335.9557 	
336.8732 	
334.6832 	
335.2608 	
333.8284 	
336.3414 	
335.7257 	










125.4671 	
138.25 	










73.13829 	




























337.0877 	339.4953 	













250.6409 	














240.8892 	



4.632856 	








175.4298 	























325.117 	
329.1435 	
332.0754 	
333.3598 	
334.2335 	
334.7887 	
334.3143 	
335.377 	











32.82462 	






65.74979 	61.76259 	


























1.077663 	






206.6356 	





45.02674 	261.9183 	
49.88182 	
95.86862 	56.41989 	
116.7937 	
213.4952 	
116.3036 	


















54.09424 	
















140.2256 	



















339.9857 	






338.9845 	




















339.9185 	



15.20107 	
72.23707 	70.43098 	
58.32318 	
21.7548 	
58.27198 	
6.499048 	
7.221519 	
0.5016217 	
10.62745 	
5.714602 	
18.1399 	
3.661791 	
11.87555 	92.8527 	
11.94082 	
8.315981 	
8.912437 	
2.109395 	
10.87032 	
15.15278 	
10.75443 	
10.96211 	
8.542328 	
13.20432 	
11.87538 	
6.516026 	
7.212771 	



138.0943 	
207.351 	








98.64859 	















174.8335 	
66.89754 	





































174.7808 	
















0.5287506 	
8.513919 	
9.80647 	251.9515 	
10.24412 	
14.12222 	
7.548771 	
10.48293 	
6.04889 	
12.83285 	
10.75357 	
2.971314 	
50.72122 	
332.5657 	




118.7911 	

























15.02737 	




















206.1274 	









26.87611 	




































166.7801 	

70.55646 	



















336.3477 	
334.6394 	
334.6129 	
336.3199 	
334.9357 	
335.7563 	
337.713 	










176.2818 	









143.6613 	
15.1231 	10.56536 	
5.086649 	
























172.7063 	
46.53108 	



















242.5523 	




















278.1429 	
199.738 	
181.1774 	
149.4591 	
35.54452 	
52.04489 	










293.777 	

298.2998 	
332.6029 	





















248.2066 	













151.3563 	























335.1077 	
331.7424 	
332.6322 	
335.6482 	
334.2592 	




























































309.1878 	











16.37391 	

























































































116.6576 	







109.8578 	

61.86527 	






151.4004 	





274.0789 	















287.7941 	



37.73786 	
44.03535 	
29.38128 	278.1349 	
1.370489 	
0.5953111 	
11.63526 	340.2282 	
19.37684 	
14.50491 	
13.13944 	
44.87353 	
139.1781 	




109.6691 	







326.7476 	


















91.11567 	
15.4779 	
32.10524 	21.12225 	
0.0302913 	
47.44378 	46.1509 	124.5712 	







336.148 	








144.0465 	
15.02741 	
46.81349 	42.75557 	
62.41536 	
63.77619 	
177.9191 	





209.9517 	











340.3746 	
246.7904 	
181.2824 	










333.7558 	
336.7258 	
333.1134 	















83.50298 	76.99936 	
179.9445 	



















335.7339 	
333.4006 	
326.9865 	













85.30088 	












214.2466 	
265.388 	














































335.8044 	
331.9458 	
334.2137 	
334.6311 	
335.313 	
336.2289 	
335.098 	
334.9181 	
335.2807 	
333.7179 	
335.9345 	
335.6621 	
















334.5663 	


19.46156 	

















































305.7475 	






221.696 	
141.2759 	
242.5726 	
220.4403 	
237.7252 	
243.8671 	242.604 	
236.7777 	
218.6148 	
223.0505 	
232.8787 	
227.6578 	
























336.1825 	









































49.58795 	



308.256 	















337.7362 	
337.7362 	
336.1266 	
334.8147 	
336.1419 	
335.912 	
335.9339 	
329.9193 	
329.8559 	




























































































171.9286 	
74.09837 	
















110.3305 	















246.619 	
249.1845 	
334.698 	














































189.6887 	













90.3264 	



278.4245 	
157.5251 	

33.70187 	











































209.1022 	
















328.5665 	
138.7681 	












79.01466 	






336.6204 	
330.2045 	
335.4306 	
335.874 	
335.7797 	
333.431 	
336.4129 	
332.3616 	
311.5507 	
334.9184 	














284.7596 	














































226.4726 	




331.0298 	
333.8281 	297.1667 	
333.9547 	232.9843 	
333.9547 	294.5682 	
335.5809 	302.9342 	
333.4283 	250.8081 	
332.0979 	298.0583 	
334.4371 	295.5982 	
334.35 	300.743 	
336.2693 	











96.32825 	
69.92542 	
135.4227 	
201.3302 	
206.6765 	
206.2968 	
26.44951 	







184.9351 	









92.51081 	





























































194.0768 	

















340.3404 	






74.90099 	
197.1457 	
165.0318 	130.8712 	
172.2672 	
229.349 	195.0302 	
233.698 	172.2873 	
211.8593 	181.0991 	
222.6671 	188.5093 	
214.6835 	203.5108 	
213.072 	172.5851 	
191.5636 	173.3224 	157.8841 	
179.8932 	170.7442 	156.9843 	
195.5912 	165.2925 	154.0301 	
164.492 	66.62835 	149.1592 	
193.7071 	
175.941 	



332.1359 	

239.7608 	339.8655 	



21.71639 	






















164.4226 	149.1592 	
















6.813594 	





65.52108 	













35.81279 	
225.9588 	18.69517 	
44.73555 	9.832585 	7.571947 	
1.73833 	0.00163717 	
11.47098 	
20.90717 	
24.06561 	
9.252199 	
13.63646 	
11.43849 	
15.19918 	
12.93448 	
16.81493 	
10.04454 	




131.5394 	














336.9223 	





330.5509 	




336.7957 	













235.9625 	
67.43323 	




277.6231 	












294.0127 	

332.6518 	
332.6518 	
339.977 	






















301.3274 	





















94.23199 	




21.96448 	
89.29458 	
185.8136 	

















85.44787 	

























154.7836 	


































333.5419 	









46.4656 	





































































































265.3301 	
42.43996 	






339.9171 	


















144.7863 	

























116.7402 	













338.9614 	
















301.2402 	






















149.5653 	













72.62803 	
31.6879 	















168.1302 	



51.46732 	












331.9554 	

















































339.5286 	























32.20051 	









42.98932 	









314.9443 	










107.7272 	
144.1914 	
155.9265 	

















5.379015 	














329.3707 	



























123.6028 	









329.3231 	




















335.4027 	











8.57087 	
2.197662 	















340.317 	







23.30526 	


























134.6618 	
5.406904 	
38.54794 	





























































































4.588259 	
67.00746 	





209.0561 	








































































3.280405 	
9.369011 	
8.92861 	
21.46585 	19.47245 	
2.073427 	
8.750213 	
8.948787 	
14.32158 	
5.673495 	
16.33622 	
7.617236 	
8.326879 	
9.191643 	
12.12259 	
12.53958 	
6.576698 	
0.5269589 	
30.57478 	5.096748 	
0.5976169 	
6.294118 	
18.79548 	4.20775 	
55.33479 	
49.48062 	



















75.6022 	
























328.4952 	

















40.05979 	

340.3886 	


































157.9995 	
67.78858 	












139.1184 	

81.56627 	
16.63597 	323.8434 	
22.78327 	
5.730384 	
11.50762 	
0.5309142 	
2.603606 	
0.1434474 	
9.766238 	
11.47191 	
2.845048 	




















98.47041 	
50.1698 	
78.39299 	




294.6576 	
330.7387 	






125.0718 	
11.34961 	
4.492577 	
7.039996 	
9.642211 	
22.25137 	
35.43844 	
56.34586 	
8.080114 	
9.192273 	
6.786939 	
8.024695 	
4.530771 	
5.901179 	
8.104445 	
11.50719 	
11.27544 	
6.330708 	








172.6434 	157.7414 	




18.4437 	
1.202137 	
0.4143579 	
22.05213 	
21.88711 	
1.167872 	
22.14794 	
18.73 	
20.48021 	
2.760474 	
10.33907 	
19.9246 	
10.07702 	
26.76932 	
91.14048 	
104.3174 	
182.6408 	
189.5182 	
215.5682 	
213.2164 	
213.7103 	
















































































339.9177 	






38.61795 	































198.7952 	
















147.0577 	






















































328.8994 	





















































80.17071 	





























































280.4608 	























44.28193 	



















81.39695 	
165.3653 	
41.52733 	
















300.2521 	

















240.655 	
























235.1937 	274.3021 	




















334.3158 	
334.1038 	
335.5409 	








339.2991 	







215.6899 	207.0038 	206.8127 	





































106.8288 	
124.6493 	





81.38962 	



















249.7258 	




























12.52378 	
62.08149 	
1.403241 	
7.672174 	
12.12158 	
28.28055 	












































91.42086 	






























256.8683 	












































328.4558 	






218.3576 	
238.339 	190.4669 	
128.8613 	
17.29784 	
47.01668 	
25.9588 	
5.066741 	
13.10228 	
31.68007 	
29.28654 	26.17212 	
0.3284561 	
40.05531 	


37.9662 	






















21.9508 	








47.52119 	




















334.8611 	






















94.17676 	
































































51.3535 	






























































334.763 	







161.8374 	








285.5288 	

73.15321 	57.22503 	44.97694 	
14.99544 	
52.74752 	


47.59399 	






337.7331 	









266.94 	
64.38086 	








81.50691 	

40.68059 	





















335.7006 	








337.2956 	





























100.4385 	







65.2555 	







163.2296 	
40.64172 	


332.2605 	































247.0843 	












86.17176 	


339.3408 	



330.2552 	

























186.1255 	
31.90843 	
19.31826 	
38.90927 	33.7099 	
5.033885 	
2.222662 	
10.30276 	
11.65068 	
22.6634 	
28.98366 	
13.0563 	
3.499499 	
8.702963 	
3.007747 	
9.879008 	
12.68319 	
16.78602 	
5.776227 	
7.404738 	
11.84073 	
11.90493 	
10.85416 	
8.043594 	
6.559444 	
24.87912 	

























































235.0923 	
12.98127 	






















64.32611 	








80.70878 	

















70.67542 	











































10.87871 	
46.69312 	
7.484595 	
18.00684 	
50.66564 	10.19985 	
56.34535 	19.49408 	
37.88101 	11.23515 	
52.15313 	10.63081 	
12.2569 	
15.12165 	
6.877327 	
9.387816 	
9.502161 	
16.77513 	
10.16527 	
18.84737 	
16.41169 	






147.3362 	




238.7955 	











31.93335 	







46.15744 	
272.7379 	256.3982 	
208.6848 	
200.3719 	
153.248 	
116.2981 	
157.9699 	
88.18232 	
134.1741 	
48.58525 	
35.41019 	
129.2668 	
85.35901 	0.4793654 	
340.39 	






























297.6305 	


























188.9219 	





















250.3265 	





























209.0467 	


216.0686 	












































































90.76184 	

197.2532 	



73.21516 	
106.4521 	
22.22403 	

















































































331.0296 	




252.3512 	
281.5949 	


84.3165 	
130.7386 	
118.1699 	

























294.411 	



16.9869 	
61.46177 	
172.3756 	
22.02634 	
17.42685 	16.61456 	


























293.8414 	



















236.5825 	



















147.2119 	131.3034 	











80.93647 	









192.7593 	










148.3019 	
89.64715 	





























































167.8125 	


















































































































91.17222 	
7.125948 	
12.54483 	9.889676 	
1.63945 	
6.603922 	
8.70547 	
11.64463 	
5.873949 	
2.470456 	
7.629778 	
7.453471 	
7.082643 	
2.033536 	
13.87598 	
1.099276 	
13.00686 	
11.88938 	
7.022568 	52.79747 	
4.410109 	
10.98871 	
13.7433 	
1.056243 	
2.536524 	
9.123416 	
38.17754 	









21.91755 	
































































189.4141 	































33.63849 	
232.9758 	

























22.81399 	
3.130849 	
109.5204 	


















337.2146 	
336.8452 	







219.6795 	


































































































244.5157 	






































164.3215 	





































232.6741 	

335.3486 	


























329.3773 	



























162.0329 	









95.18307 	




















































































327.7628 	
334.4942 	
334.2423 	





332.545 	


















163.4495 	





















































































288.0908 	







333.1866 	































6.659332 	
174.5859 	
160.4922 	






339.7495 	

















































































190.0966 	






302.7575 	




329.7676 	

146.3402 	





331.0361 	




41.79013 	
20.965 	
79.10325 	
3.948753 	
29.6778 	
31.44258 	
9.454718 	
11.50054 	
18.85457 	
10.40812 	
24.92617 	
145.5769 	142.9025 	
127.8899 	
117.6267 	317.4609 	
111.7012 	96.09292 	
35.81564 	31.38098 	
119.497 	
333.0106 	












84.34283 	
















109.0234 	









335.2409 	
334.4769 	











124.5476 	










86.40582 	82.3513 	




















































































340.1542 	



























227.2421 	

































340.1768 	




79.4684 	












330.8055 	
334.9028 	






45.61514 	202.2028 	












45.03818 	
16.587 	










































255.6976 	
238.8371 	







43.89617 	
3.488705 	153.1825 	
22.0379 	
13.49435 	






339.583 	












17.83508 	























































































331.2937 	



































194.0261 	
























335.6665 	
335.6665 	
334.9221 	



















79.2535 	





























8.201009 	





















































139.4318 	






















































279.0823 	











































335.9253 	




































209.9393 	
















139.8935 	






253.715 	
















































96.56128 	






































334.881 	


118.0468 	110.015 	















11.53789 	


























116.716 	
123.805 	
10.60167 	
17.28261 	
5.74043 	
0.6347242 	
26.41276 	








































34.95039 	
213.0687 	
153.0778 	
















8.740366 	





332.7552 	




165.1794 	



































236.3016 	














































328.3264 	









































339.6729 	

















250.3651 	







77.57364 	
105.3047 	







178.7428 	








52.80749 	

301.4331 	







334.4938 	









































57.80324 	54.80255 	


339.325 	
339.325 	
339.3804 	
339.3804 	
339.3804 	
339.9765 	
339.561 	
339.1177 	
339.1177 	
339.5944 	
340.0019 	
340.1322 	
340.1322 	
340.053 	
339.9788 	
340.1097 	
340.1725 	
340.2399 	



















































339.9731 	
339.1187 	
339.4194 	
338.9245 	
338.3843 	
339.1083 	
339.7495 	
337.0343 	
336.399 	
335.9356 	
338.903 	
338.7039 	
339.3877 	
339.8195 	
340.2086 	
339.982 	
340.0073 	
339.9092 	
339.6838 	
338.7046 	
338.3976 	
338.9838 	
337.8269 	
336.9972 	
336.249 	
336.7409 	
335.3664 	
334.4564 	
335.5467 	
339.3916 	
339.4194 	
340.3158 	
339.9026 	
340.0429 	
340.1661 	
340.3217 	
340.2224 	
340.2741 	
340.2754 	
340.306 	
340.31 	



































187.6727 	

























221.5187 	188.9347 	
































58.8594 	


































73.94046 	
48.65943 	
7.828583 	
11.80914 	
5.08878 	135.7447 	
127.0796 	37.13633 	
4.072461 	
15.05705 	
9.612352 	9.148012 	
8.075607 	
10.58439 	
10.00172 	
8.902261 	
11.45118 	
13.64666 	6.805144 	
6.832351 	
4.845774 	
8.754277 	
5.237644 	
8.585279 	
8.834934 	
20.7101 	11.5352 	
19.61862 	4.458536 	
24.09195 	12.21548 	
13.10465 	






















284.8769 	





















































































68.88518 	






339.3045 	




























































321.9387 	












































128.0838 	
69.99712 	















108.2939 	



















170.5212 	





158.6384 	





















312.3851 	



332.2678 	

















































140.2161 	
199.0467 	




















287.2615 	










































327.9754 	






336.4888 	





















104.061 	






208.3619 	
220.9301 	


334.2007 	











































192.6034 	






































66.5618 	
13.03384 	
14.74211 	





12.31533 	
17.9025 	
21.70013 	
28.6658 	
7.337511 	
1.975835 	
1.484698 	
11.322 	
8.987223 	
8.442903 	
9.509352 	
44.70753 	










13.52617 	
164.2769 	
47.49258 	





























































324.488 	






244.0453 	








293.738 	







































161.682 	














335.3403 	



























137.4952 	
























145.8541 	
8.584863 	
8.802833 	
0.2295129 	




























335.9689 	

27.28679 	






179.1677 	













132.8286 	
3.92242 	
44.69556 	
29.95243 	
27.90273 	










102.0858 	
3.217651 	



































70.50927 	








105.6036 	








145.7824 	













































79.13024 	73.53761 	
64.67775 	
26.57087 	
53.394 	
66.71415 	






243.7013 	239.5043 	









323.8877 	













52.37477 	





151.4674 	









339.0886 	




















121.9093 	114.6475 	
20.30962 	
229.4511 	
















































































320.4952 	













116.6779 	






28.03899 	
25.66605 	
21.88746 	
83.91097 	
194.307 	
15.46236 	


324.5218 	












13.8731 	
163.4371 	
















































46.35322 	

8.286702 	

























285.0756 	


















43.66455 	






176.9817 	139.6147 	176.7029 	


























270.2181 	


















176.9243 	
51.41129 	















































339.9608 	
























77.72648 	
27.55619 	
29.40231 	
32.26972 	
48.59626 	
57.37517 	








291.7982 	










327.0157 	





213.5657 	
































340.2231 	













224.2884 	
336.141 	
335.5711 	
336.7363 	
338.0933 	
335.9559 	
337.8779 	
335.5772 	
335.2686 	


























332.155 	

















98.24331 	










